MEAN: 5102.73688
 STD: 5318.0367327979475
 MAX: 42256.59
 MIN: 22.66
