MEAN: 5093.83678
 STD: 5496.230618870867
 MAX: 76624.86
 MIN: 23.26
