MEAN: 4789.266209999999
 STD: 5116.182890943691
 MAX: 30974.68
 MIN: 28.07
