MEAN: 4940.35595
 STD: 5013.282442081166
 MAX: 27474.05
 MIN: 25.31
